1382869991123
1382870032123
1382870073123
1382870114123
1382870155123
1382870196123
1382870237123
1382870278123
1382870319123
1382870360123
1382870400123
1382870441123
1382870485123
1382870526123
1382870567123
1382870608123
1382870652123
1382870693123
1382870733123
1382870777123
1382870818123
1382870859123
1382870900123
1382870941123
1382870982123
1382871023123
1382871064123
1382871105123
1382871145123
1382871186123
1382871230123
1382871271123
1382871312123
1382871352123
1382871393123
1382871434123
1382871474123
1382871515123
1382871556123
1382871597123
1382871637123